%%%%%%%%%%  Funtion for the input data of 1D poroelasticity %%%%%%%%%%%%%

function in_data = input_2D

% in_data.control 
%First column is total number of nodes
%Second column is total number of elements 
%Third column is total degree of freedom per node
%Fourth column is total nodes per element
%Fiftcolumn is total number of materials


in_data.control = [441 800 3 3 2 ];

% in this example, we employ 441 nodes, 800 elements, 3 degree of freedom
% 3 nodes per element, and 2 number of materials


% in_data.ND
% Node coordinate 
in_data.ND = [  

1	0	0	;
2	0.05	0	;
3	0.1	0	;
4	0.15	0	;
5	0.2	0	;
6	0.25	0	;
7	0.3	0	;
8	0.35	0	;
9	0.4	0	;
10	0.45	0	;
11	0.5	0	;
12	0.55	0	;
13	0.6	0	;
14	0.65	0	;
15	0.7	0	;
16	0.75	0	;
17	0.8	0	;
18	0.85	0	;
19	0.9	0	;
20	0.95	0	;
21	1	0	;
22	0	0.05	;
23	0.05	0.05	;
24	0.1	0.05	;
25	0.15	0.05	;
26	0.2	0.05	;
27	0.25	0.05	;
28	0.3	0.05	;
29	0.35	0.05	;
30	0.4	0.05	;
31	0.45	0.05	;
32	0.5	0.05	;
33	0.55	0.05	;
34	0.6	0.05	;
35	0.65	0.05	;
36	0.7	0.05	;
37	0.75	0.05	;
38	0.8	0.05	;
39	0.85	0.05	;
40	0.9	0.05	;
41	0.95	0.05	;
42	1	0.05	;
43	0	0.1	;
44	0.05	0.1	;
45	0.1	0.1	;
46	0.15	0.1	;
47	0.2	0.1	;
48	0.25	0.1	;
49	0.3	0.1	;
50	0.35	0.1	;
51	0.4	0.1	;
52	0.45	0.1	;
53	0.5	0.1	;
54	0.55	0.1	;
55	0.6	0.1	;
56	0.65	0.1	;
57	0.7	0.1	;
58	0.75	0.1	;
59	0.8	0.1	;
60	0.85	0.1	;
61	0.9	0.1	;
62	0.95	0.1	;
63	1	0.1	;
64	0	0.15	;
65	0.05	0.15	;
66	0.1	0.15	;
67	0.15	0.15	;
68	0.2	0.15	;
69	0.25	0.15	;
70	0.3	0.15	;
71	0.35	0.15	;
72	0.4	0.15	;
73	0.45	0.15	;
74	0.5	0.15	;
75	0.55	0.15	;
76	0.6	0.15	;
77	0.65	0.15	;
78	0.7	0.15	;
79	0.75	0.15	;
80	0.8	0.15	;
81	0.85	0.15	;
82	0.9	0.15	;
83	0.95	0.15	;
84	1	0.15	;
85	0	0.2	;
86	0.05	0.2	;
87	0.1	0.2	;
88	0.15	0.2	;
89	0.2	0.2	;
90	0.25	0.2	;
91	0.3	0.2	;
92	0.35	0.2	;
93	0.4	0.2	;
94	0.45	0.2	;
95	0.5	0.2	;
96	0.55	0.2	;
97	0.6	0.2	;
98	0.65	0.2	;
99	0.7	0.2	;
100	0.75	0.2	;
101	0.8	0.2	;
102	0.85	0.2	;
103	0.9	0.2	;
104	0.95	0.2	;
105	1	0.2	;
106	0	0.25	;
107	0.05	0.25	;
108	0.1	0.25	;
109	0.15	0.25	;
110	0.2	0.25	;
111	0.25	0.25	;
112	0.3	0.25	;
113	0.35	0.25	;
114	0.4	0.25	;
115	0.45	0.25	;
116	0.5	0.25	;
117	0.55	0.25	;
118	0.6	0.25	;
119	0.65	0.25	;
120	0.7	0.25	;
121	0.75	0.25	;
122	0.8	0.25	;
123	0.85	0.25	;
124	0.9	0.25	;
125	0.95	0.25	;
126	1	0.25	;
127	0	0.3	;
128	0.05	0.3	;
129	0.1	0.3	;
130	0.15	0.3	;
131	0.2	0.3	;
132	0.25	0.3	;
133	0.3	0.3	;
134	0.35	0.3	;
135	0.4	0.3	;
136	0.45	0.3	;
137	0.5	0.3	;
138	0.55	0.3	;
139	0.6	0.3	;
140	0.65	0.3	;
141	0.7	0.3	;
142	0.75	0.3	;
143	0.8	0.3	;
144	0.85	0.3	;
145	0.9	0.3	;
146	0.95	0.3	;
147	1	0.3	;
148	0	0.35	;
149	0.05	0.35	;
150	0.1	0.35	;
151	0.15	0.35	;
152	0.2	0.35	;
153	0.25	0.35	;
154	0.3	0.35	;
155	0.35	0.35	;
156	0.4	0.35	;
157	0.45	0.35	;
158	0.5	0.35	;
159	0.55	0.35	;
160	0.6	0.35	;
161	0.65	0.35	;
162	0.7	0.35	;
163	0.75	0.35	;
164	0.8	0.35	;
165	0.85	0.35	;
166	0.9	0.35	;
167	0.95	0.35	;
168	1	0.35	;
169	0	0.4	;
170	0.05	0.4	;
171	0.1	0.4	;
172	0.15	0.4	;
173	0.2	0.4	;
174	0.25	0.4	;
175	0.3	0.4	;
176	0.35	0.4	;
177	0.4	0.4	;
178	0.45	0.4	;
179	0.5	0.4	;
180	0.55	0.4	;
181	0.6	0.4	;
182	0.65	0.4	;
183	0.7	0.4	;
184	0.75	0.4	;
185	0.8	0.4	;
186	0.85	0.4	;
187	0.9	0.4	;
188	0.95	0.4	;
189	1	0.4	;
190	0	0.45	;
191	0.05	0.45	;
192	0.1	0.45	;
193	0.15	0.45	;
194	0.2	0.45	;
195	0.25	0.45	;
196	0.3	0.45	;
197	0.35	0.45	;
198	0.4	0.45	;
199	0.45	0.45	;
200	0.5	0.45	;
201	0.55	0.45	;
202	0.6	0.45	;
203	0.65	0.45	;
204	0.7	0.45	;
205	0.75	0.45	;
206	0.8	0.45	;
207	0.85	0.45	;
208	0.9	0.45	;
209	0.95	0.45	;
210	1	0.45	;
211	0	0.5	;
212	0.05	0.5	;
213	0.1	0.5	;
214	0.15	0.5	;
215	0.2	0.5	;
216	0.25	0.5	;
217	0.3	0.5	;
218	0.35	0.5	;
219	0.4	0.5	;
220	0.45	0.5	;
221	0.5	0.5	;
222	0.55	0.5	;
223	0.6	0.5	;
224	0.65	0.5	;
225	0.7	0.5	;
226	0.75	0.5	;
227	0.8	0.5	;
228	0.85	0.5	;
229	0.9	0.5	;
230	0.95	0.5	;
231	1	0.5	;
232	0	0.55	;
233	0.05	0.55	;
234	0.1	0.55	;
235	0.15	0.55	;
236	0.2	0.55	;
237	0.25	0.55	;
238	0.3	0.55	;
239	0.35	0.55	;
240	0.4	0.55	;
241	0.45	0.55	;
242	0.5	0.55	;
243	0.55	0.55	;
244	0.6	0.55	;
245	0.65	0.55	;
246	0.7	0.55	;
247	0.75	0.55	;
248	0.8	0.55	;
249	0.85	0.55	;
250	0.9	0.55	;
251	0.95	0.55	;
252	1	0.55	;
253	0	0.6	;
254	0.05	0.6	;
255	0.1	0.6	;
256	0.15	0.6	;
257	0.2	0.6	;
258	0.25	0.6	;
259	0.3	0.6	;
260	0.35	0.6	;
261	0.4	0.6	;
262	0.45	0.6	;
263	0.5	0.6	;
264	0.55	0.6	;
265	0.6	0.6	;
266	0.65	0.6	;
267	0.7	0.6	;
268	0.75	0.6	;
269	0.8	0.6	;
270	0.85	0.6	;
271	0.9	0.6	;
272	0.95	0.6	;
273	1	0.6	;
274	0	0.65	;
275	0.05	0.65	;
276	0.1	0.65	;
277	0.15	0.65	;
278	0.2	0.65	;
279	0.25	0.65	;
280	0.3	0.65	;
281	0.35	0.65	;
282	0.4	0.65	;
283	0.45	0.65	;
284	0.5	0.65	;
285	0.55	0.65	;
286	0.6	0.65	;
287	0.65	0.65	;
288	0.7	0.65	;
289	0.75	0.65	;
290	0.8	0.65	;
291	0.85	0.65	;
292	0.9	0.65	;
293	0.95	0.65	;
294	1	0.65	;
295	0	0.7	;
296	0.05	0.7	;
297	0.1	0.7	;
298	0.15	0.7	;
299	0.2	0.7	;
300	0.25	0.7	;
301	0.3	0.7	;
302	0.35	0.7	;
303	0.4	0.7	;
304	0.45	0.7	;
305	0.5	0.7	;
306	0.55	0.7	;
307	0.6	0.7	;
308	0.65	0.7	;
309	0.7	0.7	;
310	0.75	0.7	;
311	0.8	0.7	;
312	0.85	0.7	;
313	0.9	0.7	;
314	0.95	0.7	;
315	1	0.7	;
316	0	0.75	;
317	0.05	0.75	;
318	0.1	0.75	;
319	0.15	0.75	;
320	0.2	0.75	;
321	0.25	0.75	;
322	0.3	0.75	;
323	0.35	0.75	;
324	0.4	0.75	;
325	0.45	0.75	;
326	0.5	0.75	;
327	0.55	0.75	;
328	0.6	0.75	;
329	0.65	0.75	;
330	0.7	0.75	;
331	0.75	0.75	;
332	0.8	0.75	;
333	0.85	0.75	;
334	0.9	0.75	;
335	0.95	0.75	;
336	1	0.75	;
337	0	0.8	;
338	0.05	0.8	;
339	0.1	0.8	;
340	0.15	0.8	;
341	0.2	0.8	;
342	0.25	0.8	;
343	0.3	0.8	;
344	0.35	0.8	;
345	0.4	0.8	;
346	0.45	0.8	;
347	0.5	0.8	;
348	0.55	0.8	;
349	0.6	0.8	;
350	0.65	0.8	;
351	0.7	0.8	;
352	0.75	0.8	;
353	0.8	0.8	;
354	0.85	0.8	;
355	0.9	0.8	;
356	0.95	0.8	;
357	1	0.8	;
358	0	0.85	;
359	0.05	0.85	;
360	0.1	0.85	;
361	0.15	0.85	;
362	0.2	0.85	;
363	0.25	0.85	;
364	0.3	0.85	;
365	0.35	0.85	;
366	0.4	0.85	;
367	0.45	0.85	;
368	0.5	0.85	;
369	0.55	0.85	;
370	0.6	0.85	;
371	0.65	0.85	;
372	0.7	0.85	;
373	0.75	0.85	;
374	0.8	0.85	;
375	0.85	0.85	;
376	0.9	0.85	;
377	0.95	0.85	;
378	1	0.85	;
379	0	0.9	;
380	0.05	0.9	;
381	0.1	0.9	;
382	0.15	0.9	;
383	0.2	0.9	;
384	0.25	0.9	;
385	0.3	0.9	;
386	0.35	0.9	;
387	0.4	0.9	;
388	0.45	0.9	;
389	0.5	0.9	;
390	0.55	0.9	;
391	0.6	0.9	;
392	0.65	0.9	;
393	0.7	0.9	;
394	0.75	0.9	;
395	0.8	0.9	;
396	0.85	0.9	;
397	0.9	0.9	;
398	0.95	0.9	;
399	1	0.9	;
400	0	0.95	;
401	0.05	0.95	;
402	0.1	0.95	;
403	0.15	0.95	;
404	0.2	0.95	;
405	0.25	0.95	;
406	0.3	0.95	;
407	0.35	0.95	;
408	0.4	0.95	;
409	0.45	0.95	;
410	0.5	0.95	;
411	0.55	0.95	;
412	0.6	0.95	;
413	0.65	0.95	;
414	0.7	0.95	;
415	0.75	0.95	;
416	0.8	0.95	;
417	0.85	0.95	;
418	0.9	0.95	;
419	0.95	0.95	;
420	1	0.95	;
421	0	1	;
422	0.05	1	;
423	0.1	1	;
424	0.15	1	;
425	0.2	1	;
426	0.25	1	;
427	0.3	1	;
428	0.35	1	;
429	0.4	1	;
430	0.45	1	;
431	0.5	1	;
432	0.55	1	;
433	0.6	1	;
434	0.65	1	;
435	0.7	1	;
436	0.75	1	;
437	0.8	1	;
438	0.85	1	;
439	0.9	1	;
440	0.95	1	;
441	1	1	;

];


% in_data.mater
% First column is the Yong's modulus [Pa]
% Second column is the Poisson ration [-]
% Third column is the hydraulic conductivity [m s^-1]
% Fourth column is the porosity [-]
% Fifth column is the specific storage [m^-1]
% Rows indicate material type

 in_data.mater = [2e6 0.2 1e-7 0.3  1e-3;      %Material 1
                  1e6 0.2 1e-6 0.8  1e-3 ];    %Material 2
                               

% in_data.EL
% The link between node with the element number
% First column is the element number
% Second column is the material type
% Third column is the first node
% Fourth is the second node
%Fifth column is the third node
