variable_plot=[0	0	0	0	0	0	0	0	0	0	0	0	0	0	0	0	0	0	0	0	0	-0.00266012935384496	-0.00234979381859201	-0.00159946990946492	-0.00110432668144432	-0.000762910010477609	-0.000521027037054944	-0.000346956532966397	-0.000220071513230293	-0.000125426234096550	-5.10570324594639e-05	1.34586647486284e-05	7.78638168230101e-05	0.000151847523676824	0.000245650369436938	0.000370859129798771	0.000541728390859324	0.000777774109094816	0.00110965075719650	0.00159510120930292	0.00237646318474064	0.00285954793568610	-0.00442856242274488	-0.00401965842635409	-0.00299023124328264	-0.00220308640890844	-0.00160443200512188	-0.00114860283777455	-0.000799806287948997	-0.000529763303683426	-0.000315255350352998	-0.000136262899660173	2.53694310458239e-05	0.000186932768036331	0.000365703499219350	0.000579817999115527	0.000849381338159095	0.00119813130837111	0.00165623445284583	0.00226521668534600	0.00308526178383445	0.00418139282906153	0.00466594777305782	-0.00574284478620874	-0.00528742936878544	-0.00412745401413025	-0.00317154289401180	-0.00239762386701446	-0.00177561264559834	-0.00127532194361245	-0.000868706748894253	-0.000530077571400372	-0.000235646091896842	3.71090215519744e-05	0.000310107552464575	0.000605349637120348	0.000945656296953107	0.00135553781713287	0.00186225237128574	0.00249696228735393	0.00329501038243161	0.00429035073256035	0.00549319817090304	0.00596609339047816	-0.00673410471647081	-0.00626329732249116	-0.00504131564687548	-0.00398806494948114	-0.00309775470893106	-0.00235218902170750	-0.00172808297248693	-0.00120057644639907	-0.000744742237248075	-0.000336088596151213	4.94325995461633e-05	0.000435658202462130	0.000846561056428331	0.00130664046074405	0.00184127723467427	0.00247687085311477	0.00324023931866402	0.00415590695298666	0.00523886972350621	0.00648222804492342	0.00695048162688082	-0.00751123235844722	-0.00703457972809609	-0.00578135719567307	-0.00467014306623440	-0.00370150196858725	-0.00286422178964551	-0.00214044658281287	-0.00150893747306495	-0.000946916857158595	-0.000431007264143712	6.23664238767275e-05	0.000556870406617795	0.00107628987920438	0.00164456056995964	0.00228564672500879	0.00302300078168551	0.00387812289380095	0.00486752228501126	0.00599773586599619	0.00725978291612458	0.00772862841052585	-0.00814966995487143	-0.00766866044246229	-0.00639713025951962	-0.00524865522115893	-0.00422475292224036	-0.00331737825820103	-0.00251216492995465	-0.00179097639003778	-0.00113359061562378	-0.000518703578890340	7.55189240583225e-05	0.000671149554656618	0.00129031628063286	0.00195499078539335	0.00268659036855371	0.00350517942997689	0.00442800423202858	0.00546718061247730	0.00662680488798135	0.00790068108265211	0.00837338940323023	-0.00870421436206674	-0.00821785324189912	-0.00693288753268012	-0.00575747951257140	-0.00469144510942994	-0.00372741197288990	-0.00285291163828984	-0.00205222826566197	-0.00130770980274462	-0.000600605029240676	8.84229111548471e-05	0.000778964893941280	0.00149059884466270	0.00224258106642073	0.00305338310254137	0.00393995058601482	0.00491658231572885	0.00599344542502200	0.00717501093092890	0.00845909326893672	0.00893770874731798	-0.00921817265732958	-0.00872488839816240	-0.00742785903767111	-0.00623016267032579	-0.00512859240903291	-0.00411496148957981	-0.00317766821983342	-0.00230293891340833	-0.00147565774973147	-0.000679893195726504	0.000100751531880577	0.000882870011029268	0.00168299945007548	0.00251732701450496	0.00340130223443448	0.00434910953090130	0.00537298434293577	0.00648242004407900	0.00768340039687103	0.00897786336895912	0.00946367924585168	-0.00972951869771369	-0.00922770505869991	-0.00791848897921386	-0.00669981661232065	-0.00556460340634845	-0.00450308271501752	-0.00350411158289558	-0.00255576154896602	-0.00164554907785136	-0.000760562137521654	0.000112407041460450	0.000986697183253016	0.00187558080097614	0.00279203617444819	0.00374849097437756	0.00475654932968926	0.00582673125609133	0.00696826098030399	0.00818889049589723	0.00949456009177183	0.00998838771988678	-0.0102757564860366	-0.00976385269191623	-0.00844149835414920	-0.00720051394017619	-0.00602918946707111	-0.00491614662188595	-0.00385105217025959	-0.00282420620855034	-0.00182602418331681	-0.000846762358254551	0.000123525615910508	0.00109489371441262	0.00207734360710112	0.00308065049364326	0.00411422013360786	0.00518703320055495	0.00630774795713113	0.00748501795507520	0.00872795438207482	0.0100462524791329	0.0105486153057277	-0.0108990056318343	-0.0103754396694504	-0.00903771181985265	-0.00776932889371502	-0.00655364214791476	-0.00537891623649420	-0.00423699105595381	-0.00312120693528277	-0.00202516233479771	-0.000942246075144611	0.000134421255773401	0.00121186569741485	0.00229707580042898	0.00339682591265367	0.00451757157897017	0.00566550356422984	0.00684688417893959	0.00806881363152244	0.00934048570751382	0.0106744837730566	0.0111859922060228	-0.0116531339792765	-0.0111162062086860	-0.00975694497896140	-0.00844803451994393	-0.00716996064037621	-0.00591445939797180	-0.00467785084366430	-0.00345720712679448	-0.00224916770919934	-0.00104975904261694	0.000145457106836897	0.00134113816069237	0.00254189689002726	0.00375206030320876	0.00497550022423385	0.00621562134475288	0.00747566646724512	0.00875962579443431	0.0100741888094897	0.0114320333289970	0.0119547553936604	-0.0126163061051857	-0.0120637175469443	-0.0106634626849580	-0.00928146714446645	-0.00790605392752460	-0.00653927796596853	-0.00518303273317770	-0.00383732626266493	-0.00250060641021760	-0.00117028550438504	0.000156827691680349	0.00148417279827813	0.00281511667357656	0.00415264634257705	0.00549907772909186	0.00685580647336034	0.00822318998549725	0.00960084214425951	0.0109891447994598	0.0123938863045380	0.0129366415993321	-0.0139182747138205	-0.0133427152911480	-0.0118344832338982	-0.0103032983124782	-0.00877324088247068	-0.00725442220077768	-0.00574949642935988	-0.00425758835489163	-0.00277621839780218	-0.00130213452527504	0.000168307709775564	0.00163889924515379	0.00311334770630121	0.00459503188522078	0.00608672102006328	0.00759020062488224	0.00910566578848709	0.0106306606540053	0.0121584864005176	0.0136772313246120	0.0142745484623299	-0.0158293431277690	-0.0151563200039510	-0.0133037944263863	-0.0114987055674024	-0.00974474146743562	-0.00803336873041468	-0.00635487758005763	-0.00470097832657226	-0.00306473694959587	-0.00143997497673530	0.000179182777572895	0.00179851224621433	0.00342373691760019	0.00506054244613983	0.00671467242629509	0.00839218631632464	0.0100998921685335	0.0118458400974051	0.0136397211120018	0.0154946273909868	0.0162253211952123	-0.0184656213023486	-0.0176350445860756	-0.0152638859332294	-0.0130922150381766	-0.0110534057356593	-0.00909812567322891	-0.00719481883990104	-0.00532447464955698	-0.00347528153772127	-0.00163897220172468	0.000191195384780632	0.00202144446475180	0.00385802466843448	0.00570773038278583	0.00757878912900121	0.00948256494024038	0.0114366483598465	0.0134701161925639	0.0156322895111793	0.0180107553233202	0.0188953086807709	-0.0204619947931559	-0.0195259050205892	-0.0169753558366689	-0.0145989433180827	-0.0123441722353111	-0.0101677689579518	-0.00804269899751240	-0.00595290398847677	-0.00388756545437762	-0.00183801517728204	0.000203685219099399	0.00224532226037550	0.00429478091854033	0.00636034190324569	0.00845138111740945	0.0105798804037156	0.0127632134643710	0.0150284220033870	0.0174158625159652	0.0199615483934186	0.0208639850879147	-0.0221821809483133	-0.0211805128920922	-0.0185430316360703	-0.0160311951276063	-0.0135945166627221	-0.0112083301423694	-0.00886498902252571	-0.00655880829600746	-0.00428262961123754	-0.00202754108548524	0.000216666002522888	0.00246089743833358	0.00471617578131394	0.00699316012859472	0.00930186382417548	0.0116517243593472	0.0140522305695595	0.0165141706895876	0.0190504921818824	0.0216761591880970	0.0226109253470301	-0.0240179065072151	-0.0229274406028898	-0.0201699857897501	-0.0174901616251500	-0.0148251804344741	-0.0121999312968449	-0.00962771570240451	-0.00710900374861389	-0.00463583276844941	-0.00219516876338282	