%%%%%%%%%%  Funtion for the input data of 1D poroelasticity %%%%%%%%%%%%%

function in_data = input_1D

% in_data.control 
%First column is total number of nodes
%Second column is total number of elements 
%Third column is total degree of freedom per node
%Fourth column is total nodes per element
%Fiftcolumn is total number of materials



in_data.control = [101 100 2 2 2 ];
% in this example, we employ 101 nodes, 100 elements, 2 degree of freedom
% 2 nodes per element, and 2 number of materials

% in_data.ND
% Node coordinate  
in_data.ND = [   
1	0	;
2	0.01	;
3	0.02	;
4	0.03	;
5	0.04	;
6	0.05	;
7	0.06	;
8	0.07	;
9	0.08	;
10	0.09	;
11	0.1	;
12	0.11	;
13	0.12	;
14	0.13	;
15	0.14	;
16	0.15	;
17	0.16	;
18	0.17	;
19	0.18	;
20	0.19	;
21	0.2	;
22	0.21	;
23	0.22	;
24	0.23	;
25	0.24	;
26	0.25	;
27	0.26	;
28	0.27	;
29	0.28	;
30	0.29	;
31	0.3	;
32	0.31	;
33	0.32	;
34	0.33	;
35	0.34	;
36	0.35	;
37	0.36	;
38	0.37	;
39	0.38	;
40	0.39	;
41	0.4	;
42	0.41	;
43	0.42	;
44	0.43	;
45	0.44	;
46	0.45	;
47	0.46	;
48	0.47	;
49	0.48	;
50	0.49	;
51	0.5	;
52	0.51	;
53	0.52	;
54	0.53	;
55	0.54	;
56	0.55	;
57	0.56	;
58	0.57	;
59	0.58	;
60	0.59	;
61	0.6	;
62	0.61	;
63	0.62	;
64	0.63	;
65	0.64	;
66	0.65	;
67	0.66	;
68	0.67	;
69	0.68	;
70	0.69	;
71	0.7	;
72	0.71	;
73	0.72	;
74	0.73	;
75	0.74	;
76	0.75	;
77	0.76	;
78	0.77	;
79	0.78	;
80	0.79	;
81	0.8	;
82	0.81	;
83	0.82	;
84	0.83	;
85	0.84	;
86	0.85	;
87	0.86	;
88	0.87	;
89	0.88	;
90	0.89	;
91	0.9	;
92	0.91	;
93	0.92	;
94	0.93	;
95	0.94	;
96	0.95	;
97	0.96	;
98	0.97	;
99	0.98	;
100	0.99	;
101	1	;

];
   
% in_data.mater
% First column is the Yong's modulus [Pa]
% Second column is the specific storage [m^-1]
% Third column is the hydraulic conductivity [m s^-1]
% Fourth column is the porosity [-]
% Rows indicate material type
 in_data.mater = [ 2e6 1e-4 5e-8  0.3  ;  %Material 1
                   1e6 1e-3 5e-7  0.7  ]; %Material 2
            

% in_data.EL
% The link between node with the element number
% First column is the element number
% Second column is the material type
% Third column is the first node
% Fourth is the second node

in_data.EL = [  

1	1	1	2	;
2	1	2	3	;
3	1	3	4	;
4	1	4	5	;
5	1	5	6	;
6	1	6	7	;
7	1	7	8	;
8	1	8	9	;
9	1	9	10	;
10	1	10	11	;
11	1	11	12	;
12	1	12	13	;
13	1	13	14	;
14	1	14	15	;
15	1	15	16	;
16	1	16	17	;
17	1	17	18	;
18	1	18	19	;
19	1	19	20	;
20	1	20	21	;
21	1	21	22	;
22	1	22	23	;
23	1	23	24	;
24	1	24	25	;
25	1	25	26	;
26	1	26	27	;
27	1	27	28	;
28	1	28	29	;
29	1	29	30	;
30	1	30	31	;
31	1	31	32	;
32	1	32	33	;
33	1	33	34	;
34	1	34	35	;
35	1	35	36	;
36	1	36	37	;
37	1	37	38	;
38	1	38	39	;
39	1	39	40	;
40	1	40	41	;
41	1	41	42	;
42	1	42	43	;
43	1	43	44	;
44	1	44	45	;
45	1	45	46	;
46	1	46	47	;
47	1	47	48	;
48	1	48	49	;
49	1	49	50	;
50	1	50	51	;
51	1	51	52	;
52	1	52	53	;
53	1	53	54	;
54	1	54	55	;
55	1	55	56	;
56	1	56	57	;
57	1	57	58	;
58	1	58	59	;
59	1	59	60	;
60	1	60	61	;
61	1	61	62	;
62	1	62	63	;
63	1	63	64	;
64	1	64	65	;
65	1	65	66	;
66	1	66	67	;
67	1	67	68	;
68	1	68	69	;
69	1	69	70	;
70	1	70	71	;
71	1	71	72	;
72	1	72	73	;
73	1	73	74	;
74	1	74	75	;
75	1	75	76	;
76	1	76	77	;
77	1	77	78	;
78	1	78	79	;
79	1	79	80	;
80	1	80	81	;
81	2	81	82	;
82	2	82	83	;
83	2	83	84	;
84	2	84	85	;
85	2	85	86	;
86	2	86	87	;
87	2	87	88	;
88	2	88	89	;
89	2	89	90	;
90	2	90	91	;
91	2	91	92	;
92	2	92	93	;
93	2	93	94	;
94	2	94	95	;
95	2	95	96	;
96	2	96	97	;
97	2	97	98	;
98	2	98	99	;
99	2	99	100	;
100	2	100	101	;


]; 
   
% in_data.CON
% Boundary conditions
% First column is the node number
% Second column is the boundary condition for solid displacement
% Third column is the boundary condition for pore pressure
% 1 prescribe displacement or pore pressure 
% 0 prescribe traction or flux 


in_data.CON = [   

1	1	1	;
2	0	0	;
3	0	0	;
4	0	0	;
5	0	0	;
6	0	0	;
7	0	0	;
8	0	0	;
9	0	0	;
10	0	0	;
11	0	0	;
12	0	0	;
13	0	0	;
14	0	0	;
15	0	0	;
16	0	0	;
17	0	0	;
18	0	0	;
19	0	0	;
20	0	0	;
21	0	0	;
22	0	0	;
23	0	0	;
24	0	0	;
25	0	0	;
26	0	0	;
27	0	0	;
28	0	0	;
29	0	0	;
30	0	0	;
31	0	0	;
32	0	0	;
33	0	0	;
34	0	0	;
35	0	0	;
36	0	0	;
37	0	0	;
38	0	0	;
39	0	0	;
40	0	0	;
41	0	0	;
42	0	0	;
43	0	0	;
44	0	0	;
45	0	0	;
46	0	0	;
47	0	0	;
48	0	0	;
49	0	0	;
50	0	0	;
51	0	0	;
52	0	0	;
53	0	0	;
54	0	0	;
55	0	0	;
56	0	0	;
57	0	0	;
58	0	0	;
59	0	0	;
60	0	0	;
61	0	0	;
62	0	0	;
63	0	0	;
64	0	0	;
65	0	0	;
66	0	0	;
67	0	0	;
68	0	0	;
69	0	0	;
70	0	0	;
71	0	0	;
72	0	0	;
73	0	0	;
74	0	0	;
75	0	0	;
76	0	0	;
77	0	0	;
78	0	0	;
79	0	0	;
80	0	0	;
81	0	0	;
82	0	0	;
83	0	0	;
84	0	0	;
85	0	0	;
86	0	0	;
87	0	0	;
88	0	0	;
89	0	0	;
90	0	0	;
91	0	0	;
92	0	0	;
93	0	0	;
94	0	0	;
95	0	0	;
96	0	0	;
97	0	0	;
98	0	0	;
99	0	0	;
100	0	0	;
101	0	1	;


];

% in_data.LOAD
% First column is the node number
% The second column is the magnitude of prescribed displacement or load 
% The second column is the magnitude of prescribed pore pressure of flux

in_data.LOAD = [ 

1	0	0	;
2	0	0	;
3	0	0	;
4	0	0	;
5	0	0	;
6	0	0	;
7	0	0	;
8	0	0	;
9	0	0	;
10	0	0	;
11	0	0	;
12	0	0	;
13	0	0	;
14	0	0	;
15	0	0	;
16	0	0	;
17	0	0	;
18	0	0	;
19	0	0	;
20	0	0	;
21	0	0	;
22	0	0	;
23	0	0	;
24	0	0	;
25	0	0	;
26	0	0	;
27	0	0	;
28	0	0	;
29	0	0	;
30	0	0	;
31	0	0	;
32	0	0	;
33	0	0	;
34	0	0	;
35	0	0	;
36	0	0	;
37	0	0	;
38	0	0	;
39	0	0	;
40	0	0	;
41	0	0	;
42	0	0	;
43	0	0	;
44	0	0	;
45	0	0	;
46	0	0	;
47	0	0	;
48	0	0	;
49	0	0	;
50	0	0	;
51	0	0	;
52	0	0	;
53	0	0	;
54	0	0	;
55	0	0	;
56	0	0	;
57	0	0	;
58	0	0	;
59	0	0	;
60	0	0	;
61	0	0	;
62	0	0	;
63	0	0	;
64	0	0	;
65	0	0	;
66	0	0	;
67	0	0	;
68	0	0	;
69	0	0	;
70	0	0	;
71	0	0	;
72	0	0	;
73	0	0	;
74	0	0	;
75	0	0	;
76	0	0	;
77	0	0	;
78	0	0	;
79	0	0	;
80	0	0	;
81	0	0	;
82	0	0	;
83	0	0	;
84	0	0	;
85	0	0	;
86	0	0	;
87	0	0	;
88	0	0	;
89	0	0	;
90	0	0	;
91	0	0	;
92	0	0	;
93	0	0	;
94	0	0	;
95	0	0	;
96	0	0	;
97	0	0	;
98	0	0	;
99	0	0	;
100	0	0	;
101	-1e4	0	;

]; 

 